0.161765 0 0 1 3
1 99 -0.43 -0.75 0.94 0.24 0 0.387255 0.140363 0.00569493 1 0 -3.1415927 3.1415927
144 100 5 -0.75 10 0.15 0 0.906863 0.186707 0 1 0 -3.1415927 3.1415927
1 99 2.12 -0.76 0.62 0.24 0 0.387255 0.140363 0.00569493 1 0 -3.1415927 3.1415927
2 99 2.12 0.19 0.31 0.71 3.14159 0.583333 0.0285948 0.0285948 1 0 -1.5707964 3.1415927
272 100 5 -0.95 10 0.05 0 0.906863 0.186707 0 1 0 -3.1415927 3.1415927
1 99 2.12 0.95 1 0.05 0 0.387255 0.140363 0.00569493 1 0 -3.1415927 3.1415927
1 99 5 0.95 1 0.05 0 0.387255 0.140363 0.00569493 1 0 -3.1415927 3.1415927
2 99 5 0.19 0.31 0.71 0 0.583333 0.0285948 0.0285948 1 0 -1.5707964 3.1415927
1 99 5 -0.76 0.62 0.24 0 0.387255 0.140363 0.00569493 1 0 -3.1415927 3.1415927
2 99 7 -0.01 0.51 0.3 1.5708 0.583333 0.0285948 0.0285948 1 0 -1.5707964 3.1415927
144 99 8 -0.4 0.6 0.15 1.5708 0.905882 0.188235 0.00392157 1 0 -3.1415927 3.1415927
144 99 8.3 -0.4 0.6 0.15 -1.5708 0.905882 0.188235 0.00392157 1 0 -3.1415927 3.1415927
1 99 8.15 0.35 0.3 0.15 0 0.387255 0.140363 0.00569493 1 0 -3.1415927 3.1415927
264 101 8.15 -0.4 0.1 0.6 0 0 0 0 1 0 -3.1415927 3.1415927
1 99 7 -0.76 0.62 0.24 0 0.387255 0.140363 0.00569493 1 0 -3.1415927 3.1415927
1 99 7 0.75 0.62 0.25 0 0.387255 0.140363 0.00569493 1 0 -3.1415927 3.1415927