0.1 0.1 0.1 1
1 100 6.88 -0.21 9 0.1 0.176471 0.176471 0.176471 1 0 -3.1415901 3.1415901
0 99 0.82 0.43 0.02 0.55 0.127451 0.127451 0.127451 1 0 -3.1415901 3.1415901
0 99 0.82 0.96 0.1 0.02 0.127451 0.127451 0.127451 1 0 -3.1415901 3.1415901
0 99 0.65 0.96 0.07 0.05 0.127451 0.127451 0.127451 1 0 -3.1066861 3.1066861
0 99 0.99 0.96 0.07 0.05 0.127451 0.127451 0.127451 1 0 -3.1066861 3.1066861
16 98 0.99 0.91 0.05 0.01 1 1 1 1 0 -3.1415901 3.1415901
16 98 0.65 0.91 0.05 0.01 1 1 1 1 0 -3.1415901 3.1415901
0 99 2.99 0.96 0.07 0.05 0.127451 0.127451 0.127451 1 0 -3.1066861 3.1066861
0 99 2.82 0.96 0.1 0.02 0.127451 0.127451 0.127451 1 0 -3.1415901 3.1415901
0 99 2.65 0.96 0.07 0.05 0.127451 0.127451 0.127451 1 0 -3.1066861 3.1066861
0 99 2.82 0.43 0.02 0.55 0.127451 0.127451 0.127451 1 0 -3.1415901 3.1415901
16 98 2.65 0.91 0.05 0.01 1 1 1 1 0 -3.1415901 3.1415901
16 98 2.99 0.91 0.05 0.01 1 1 1 1 0 -3.1415901 3.1415901
0 99 4.82 0.43 0.02 0.55 0.127451 0.127451 0.127451 1 0 -3.1415901 3.1415901
0 99 4.99 0.96 0.07 0.05 0.127451 0.127451 0.127451 1 0 -3.1066861 3.1066861
0 99 4.65 0.96 0.07 0.05 0.127451 0.127451 0.127451 1 0 -3.1066861 3.1066861
16 98 4.99 0.91 0.05 0.01 1 1 1 1 0 -3.1415901 3.1415901
16 98 4.65 0.91 0.05 0.01 1 1 1 1 0 -3.1415901 3.1415901
0 99 4.82 0.96 0.1 0.02 0.127451 0.127451 0.127451 1 0 -3.1415901 3.1415901
0 99 6.82 0.43 0.02 0.55 0.127451 0.127451 0.127451 1 0 -3.1415901 3.1415901
0 99 6.99 0.96 0.07 0.05 0.127451 0.127451 0.127451 1 0 -3.1066861 3.1066861
0 99 6.65 0.96 0.07 0.05 0.127451 0.127451 0.127451 1 0 -3.1066861 3.1066861
0 99 6.82 0.96 0.1 0.02 0.127451 0.127451 0.127451 1 0 -3.1415901 3.1415901
16 98 6.99 0.91 0.05 0.01 1 1 1 1 0 -3.1415901 3.1415901
16 98 6.65 0.91 0.05 0.01 1 1 1 1 0 -3.1415901 3.1415901
0 99 8.82 0.43 0.02 0.55 0.127451 0.127451 0.127451 1 0 -3.1415901 3.1415901
0 99 8.82 0.96 0.1 0.02 0.127451 0.127451 0.127451 1 0 -3.1415901 3.1415901
0 99 8.99 0.96 0.07 0.05 0.127451 0.127451 0.127451 1 0 -3.1066861 3.1066861
0 99 8.65 0.96 0.07 0.05 0.127451 0.127451 0.127451 1 0 -3.1066861 3.1066861
16 98 8.99 0.91 0.05 0.01 1 1 1 1 0 -3.1415901 3.1415901
16 98 8.65 0.91 0.05 0.01 1 1 1 1 0 -3.1415901 3.1415901
0 99 10.82 0.43 0.02 0.55 0.127451 0.127451 0.127451 1 0 -3.1415901 3.1415901
0 99 10.82 0.96 0.1 0.02 0.127451 0.127451 0.127451 1 0 -3.1415901 3.1415901
0 99 10.99 0.96 0.07 0.05 0.127451 0.127451 0.127451 1 0 -3.1066861 3.1066861
0 99 10.65 0.96 0.07 0.05 0.127451 0.127451 0.127451 1 0 -3.1066861 3.1066861
16 98 10.99 0.91 0.05 0.01 1 1 1 1 0 -3.1415901 3.1415901
16 98 10.65 0.91 0.05 0.01 1 1 1 1 0 -3.1415901 3.1415901
0 99 12.82 0.43 0.02 0.55 0.127451 0.127451 0.127451 1 0 -3.1415901 3.1415901
0 99 12.82 0.96 0.1 0.02 0.127451 0.127451 0.127451 1 0 -3.1415901 3.1415901
0 99 12.99 0.96 0.07 0.05 0.127451 0.127451 0.127451 1 0 -3.1066861 3.1066861
0 99 12.65 0.96 0.07 0.05 0.127451 0.127451 0.127451 1 0 -3.1066861 3.1066861
16 98 12.99 0.91 0.05 0.01 1 1 1 1 0 -3.1415901 3.1415901
16 98 12.65 0.91 0.05 0.01 1 1 1 1 0 -3.1415901 3.1415901
0 99 14.82 0.43 0.02 0.55 0.127451 0.127451 0.127451 1 0 -3.1415901 3.1415901
0 99 14.99 0.96 0.07 0.05 0.127451 0.127451 0.127451 1 0 -3.1066861 3.1066861
0 99 14.82 0.96 0.1 0.02 0.127451 0.127451 0.127451 1 0 -3.1415901 3.1415901
0 99 14.65 0.96 0.07 0.05 0.127451 0.127451 0.127451 1 0 -3.1066861 3.1066861
16 98 14.99 0.91 0.05 0.01 1 1 1 1 0 -3.1415901 3.1415901
16 98 14.65 0.91 0.05 0.01 1 1 1 1 0 -3.1415901 3.1415901
9 100 -0.4 0.39 0.1 0.5 0 0 0 1 0 -3.1415927 3.1415927
0 99 -1.18 0.43 0.02 0.55 0.127451 0.127451 0.127451 1 0 -3.1415901 3.1415901
0 99 -1.18 0.96 0.1 0.02 0.127451 0.127451 0.127451 1 0 -3.1415901 3.1415901
0 99 -1.01 0.96 0.07 0.05 0.127451 0.127451 0.127451 1 0 -3.1066861 3.1066861
0 99 -1.35 0.96 0.07 0.05 0.127451 0.127451 0.127451 1 0 -3.1066861 3.1066861
16 98 -1.01 0.91 0.05 0.01 1 1 1 1 0 -3.1415901 3.1415901
16 98 -1.35 0.91 0.05 0.01 1 1 1 1 0 -3.1415901 3.1415901
1 100 15.98 -9.31 0.1 9 0.176471 0.176471 0.176471 1 0 -3.1415901 3.1415901
1 100 15.88 -0.31 0.2 0.2 0.176471 0.176471 0.176471 1 1 -3.1415901 3.1415901
2 100 15.88 -0.31 1 1 0.254902 0 0 1 1 0 1.5707964